717420011646 1041.04
1403085282740 1081.99
2077729788485 1071.93
2745411301608 1074.49
3408008962283 1078.06
4066610803979 1099.76
4721926416351 1058.1
5374454795394 1100.17
6024565704990 1135.61
6672543933749 1131.25
7318615437173 1115.46
7962963770697 1143.36
8605740935662 1082.26
9247074824798 1103.18
9887074501723 1115.82
10525834047803 1127.83
11163435430817 1153.27
11799950687341 1114.47
12435443612177 1113.11
13069971086354 1106.46
13703584135288 1088.92
14336328782197 1071.71
14968246743926 1094.73
15599376003876 1117.65
16229751287978 1105.01
16859404463341 1101.41
17488364874637 1129.01
18116659629898 1120.53
18744313844864 1088.19
19371350853129 1109.95
19997792387839 1023.62
20623658739602 1103.7
21248968894363 1116.25
21873740654316 1099.56
22497990744387 1109.52
23121734906361 1142.93
23744987982401 1066.32
24367763989399 1163.76
24990076185394 1110.52
25611937129071 1158.79
26233358733225 1155.96
26854352312933 1116.54
27474928629072 1110.15
28095097927728 1126.28
28714869975971 1121.95
29334254094403 1098.63
29953259186834 1143.41
30571893767401 1151.96
31190165985384 1137.22
