2 447.358
8 464.207
26 504.573
80 510.591
242 540.383
728 659.53
2186 684.627
6560 705.624
19682 733.036
59048 703.82
177146 728.928
531440 748.905
1594322 763.514
4782968 747.395
14348906 769.471
43046720 789.612
129140162 812.87
387420488 834.944
1162261466 854.538
3486784400 876.27
10460353202 898.988
31381059608 925.29
94143178826 956.372
282429536480 968.074
847288609442 987.308
2541865828328 1010.66
7625597484986 1033.64
22876792454960 1055.88
68630377364882 1084.31
205891132094648 1140.45
617673396283946 1179.56
1853020188851840 1202.11
5559060566555522 1226.04
