3 697.302
9 889.93
27 928.276
81 1154.37
243 1185.24
729 1223.86
2187 1260.5
6561 1475.08
19683 1518.21
59049 1559.93
177147 1604.71
531441 1653.32
1594323 1689.98
4782969 1723.34
14348907 1767.89
43046721 1985.35
129140163 2009.01
387420489 2049.83
1162261467 2086.19
3486784401 2137.24
10460353203 2186.52
31381059609 2222.01
94143178827 2261.07
282429536481 2297.64
847288609443 2334.3
2541865828329 2372.52
7625597484987 2408.29
22876792454961 2446.81
68630377364883 2539.43
205891132094649 2558.96
617673396283947 2595.86
1853020188851841 2818.04
5559060566555523 2881.73
