367016349784 1012.01
717420011646 1080.18
1062069367119 1021.58
1403085282740 1062.34
1741449373816 1004.76
2077729788485 1063.2
2412296954044 1091.62
2745411301608 1078.32
3077265777466 1088.65
3408008962283 1104.33
3737758724933 1088.23
4066610803979 1123.66
4394644470740 1128.43
4721926416351 1080.81
5048513507715 1097.49
5374454795394 1113.49
5699793010780 1090.79
6024565704990 1116.84
6348806130437 1063.65
6672543933749 1085.69
6995805707846 1109.5
7318615437173 1097.36
7640994860681 1069.95
7962963770697 1122.87
8284540261181 1099.42
8605740935662 1064.97
8926581082672 1077.77
9247074824798 1088.11
9567235246105 1054.81
9887074501723 1100.08
10206603912593 1190.14
10525834047803 1109.56
10844774796477 1089.23
11163435430817 1158.12
11481824661618 1052.86
11799950687341 1118.71
12117821237650 1121.28
12435443612177 1121.25
12752824715138 1123.94
13069971086354 1115.57
13386888929114 1127.25
13703584135288 1094.67
14020062308005 1163.74
14336328782197 1081.74
14652388643241 1101.09
14968246743926 1133.7
15283907719914 1151.42
15599376003876 1128.59
15914655838425 1155.29
16229751287978 1114.59
16544666249662 1118.35
16859404463341 1107.25
17173969520871 1147.78
17488364874637 1152.56
17802593845458 1095.99
18116659629898 1121.13
18430565307055 1098.98
18744313844864 1092.46
19057908105959 1096.91
19371350853129 1116.86
19684644754411 1150.61
19997792387839 1031.95
20310796245883 1129.29
20623658739602 1105.95
20936382202539 1115.59
21248968894363 1115.95
21561421004293 1167.28
21873740654316 1097.03
22185929902209 1106.37
22497990744387 1110.86
22809925118579 1095.22
23121734906361 1140.27
23433421935539 1134.38
23744987982401 1072
24056434773846 1123.64
24367763989399 1180.81
24678977263117 1140.41
24990076185394 1109.99
25301062304673 1133.21
25611937129071 1159.06
25922702127918 1101.77
26233358733225 1155.2
26543908341071 1098.86
26854352312933 1113.53
27164691976939 1123.15
27474928629072 1109.28
27785063534313 1079.87
28095097927728 1125.15
28405033015511 1124.4
28714869975971 1122.55
29024609960486 1078.19
29334254094403 1104.4
29643803477903 1164.59
29953259186834 1141.32
30262622273495 1071.93
30571893767401 1145.16
30881074676002 1146.69
31190165985384 1157.09
31499168660934 1097.73
