2 492.726
8 708.707
26 915.925
80 979.93
242 1193.98
728 1238.35
2186 1285.5
6560 1339.52
19682 1565.28
59048 1612.93
177146 1658.29
531440 1704.33
1594322 1760.64
4782968 1804.78
14348906 1846.28
43046720 1921.89
129140162 2158.46
387420488 2190.87
1162261466 2235.01
3486784400 2298.42
10460353202 2340.71
31381059608 2372.11
94143178826 2416.16
282429536480 2464.85
847288609442 2510.78
2541865828328 2594.68
7625597484986 2638.31
22876792454960 2682.37
68630377364882 2738.97
205891132094648 2771.24
617673396283946 2815.17
1853020188851840 2862.47
5559060566555522 3068.11
