3 455.585
9 467.408
27 488.669
81 496.89
243 511.36
729 624.477
2187 638.484
6561 654.16
19683 570.548
59049 600.91
177147 616.228
531441 630.678
1594323 629.769
4782969 653.798
14348907 668.964
43046721 683.598
129140163 699.03
387420489 716.718
1162261467 728.331
3486784401 742.717
10460353203 758.363
31381059609 772.66
94143178827 787.911
282429536481 801.656
847288609443 865.323
2541865828329 880.531
7625597484987 891.203
22876792454961 907.538
68630377364883 911.481
205891132094649 925.944
617673396283947 940.419
1853020188851841 958.909
5559060566555523 973.998
