3 6478	1991	1534	1499	1489	1522	1489	1531	1405	1483	1483	1482	1391	1418	1417	1413	1413	1404	1470	1397	1414	1439	1463	1418	1379	1385	1431	1410	1387	1408	1466	1428	1390	1426	1411	1377	1391	1407	1403	1442	1365	1377	1418	1393	1370	1444	1466	1398	1426	1465	1462	1478	1450	1469	1397	1404	1535	1471	1416	1388	1453	1511	1414	1447	1438	1408	1460	1487	1407	1394	1423	1418	1479	1447	1466	1404	1456	1396	1445	1442	1401	1411	1458	1417	1391	1408	1424	1474	1398	1442	1426	1457	1394	1414	1458	1432	1493	1394	1477	1389	& 010
9 2055	1978	1858	1809	1805	1867	1764	1760	1781	1809	1787	1770	1852	1794	1875	1804	1875	1791	1823	1812	1793	1758	1777	1807	1776	1787	1780	1851	1801	1828	1837	1747	1820	1871	1851	1871	1786	1825	1778	1782	1834	1840	1768	1827	1786	1748	1771	1799	1831	1785	1761	1867	1785	1784	1811	1790	1805	1875	1835	1843	1777	1788	1826	1841	1759	1787	1818	1821	1826	1787	1777	1761	1843	1778	1805	1769	1796	1914	1884	1845	1918	1784	1827	1814	1784	1803	1781	1830	1796	1861	1787	1773	1757	1789	1819	1786	1743	1760	1820	1797	& 0010
27 2023	2045	1883	1842	1826	1839	1861	1834	1872	1882	1840	1868	1872	1926	1833	1887	1838	1861	1857	1820	1905	1928	1966	1970	1861	1855	1909	1900	1958	1916	1905	1854	1880	1868	1867	1867	1863	1818	1839	1871	1823	1870	1849	1839	1860	1814	1896	1873	1843	1921	1880	1841	1858	1858	1884	1841	1965	1918	1884	1842	1867	1857	1894	1874	1878	1892	1845	1839	1846	1886	1904	1913	1846	1807	1831	1823	1937	1848	1796	1811	1865	1822	1852	1882	1861	1836	1846	1771	1805	1838	1813	1852	1864	1809	1891	1849	1853	1890	1843	1912	& 00010
81 3322	2164	1814	1850	1760	1801	1814	1799	1769	1816	1804	1776	1821	1767	1781	1866	1823	1760	1778	1808	1841	1775	1802	1835	1786	1804	1791	1802	1824	1836	1791	1809	1778	1819	1765	1846	1797	1877	1790	1801	1849	1819	1774	1779	1760	1781	1773	1781	1796	1811	1774	1809	1792	1821	1801	1780	1766	1820	1791	1772	1768	1824	1774	1822	1776	1768	1832	1858	1846	1852	1810	1859	1768	1814	1835	1801	1791	1765	1799	1798	1824	1810	1902	1782	1803	1797	1813	1826	1854	1821	1857	1914	1806	1817	1761	1802	1796	1762	1803	1855	& 000010
243 2172	2238	1855	1850	1852	1833	1940	1852	1843	1860	1907	1893	1865	1974	1806	1825	1866	1853	1851	1839	1836	1828	1890	1850	1846	1835	1908	1849	1821	1852	1856	1909	1824	1846	1878	1923	1859	1829	1841	1816	1884	1798	1857	1915	1830	1856	1838	1888	1894	1875	1847	1862	1875	1899	1857	1842	1884	1902	1859	1868	1903	2011	1848	1897	1846	1865	1797	1851	1892	1851	1866	1875	1862	1932	1937	1904	1878	1861	1865	1909	1938	1860	1827	1848	1905	1866	1867	1867	1877	1904	1875	1810	1803	1842	1835	1958	1835	1833	1850	1939	& 0000010
729 2416	2226	1994	1983	1888	1883	1900	1961	1886	1908	1871	1886	1961	1992	1916	1920	1841	1868	1885	1905	1926	1992	1889	1869	1863	1873	1869	1870	2096	1902	1876	1978	1926	1888	1888	1896	1950	2010	2225	1934	1975	1910	1875	1854	1836	1951	1919	1840	1931	1902	1905	1937	1919	1909	2010	1923	1900	1908	1929	2026	1880	1994	1910	1917	1898	1880	1875	1912	1869	1866	1861	1884	1902	1934	1891	1923	1925	1919	1857	1965	1893	1920	1922	1913	1944	1914	1871	1941	1871	1976	1972	1889	2248	1948	1864	1971	1898	1891	2045	1918	& 00000010
2187 2634	2189	2010	1947	1994	1885	1927	2143	1991	1953	1934	2038	1932	1928	1905	1950	1911	1932	2001	2105	1953	1938	2012	1957	1954	1985	2045	1934	1934	1947	1954	2139	1951	2124	1922	2076	1998	2136	1940	2023	2019	2052	1925	1993	2104	1909	1897	1939	1948	2014	2027	2177	1923	1991	1909	1904	1943	1910	1883	1970	1906	1914	1964	1999	1939	1981	1905	2031	1913	2036	1938	2290	2000	1909	1940	2033	1944	1932	1952	2028	2027	1940	1985	2008	2342	2007	2041	2181	1999	1946	2014	1949	1945	1914	1928	1916	2058	2257	2069	2050	& 000000010
6561 3069	2458	2239	2410	2397	2364	2295	2304	2357	2348	2270	2290	2338	2266	2289	2272	2325	2310	2258	2319	2300	2314	2270	2266	2248	2263	2351	2249	2296	2266	2338	2385	2296	2276	2269	2250	2215	2231	2212	2410	2307	2273	2294	2280	2229	2228	2345	2292	2284	2281	2282	2295	2294	2233	2221	2243	2205	2260	2259	2287	2247	2235	2287	2275	2272	2330	2248	2265	2246	2267	2230	2232	2211	2247	2269	2281	2402	2221	2224	2204	2289	2263	2369	2325	2225	2303	2251	2359	2315	2306	2296	2268	2331	2276	2302	2284	2320	2302	2275	2295	& 0000000010
19683 4232	3149	2521	2293	2296	2256	2405	2425	2334	2304	2304	2342	2385	2405	2415	2370	2333	2300	2337	2359	2345	2309	2279	2300	2284	2291	2345	2316	2361	2429	2310	2304	2331	2350	2304	2284	2332	2286	2309	2314	2265	2346	2300	2317	2349	2293	2356	2320	2283	2300	2331	2289	2320	2332	2367	2330	2319	2274	2392	2293	2308	2300	2317	2273	2289	2339	2316	2327	2403	2402	2398	2380	2361	2308	2274	2331	2306	2300	2331	2346	2365	2348	2282	2327	2330	2365	2340	2450	2297	2360	2292	2327	2294	2256	2327	2307	2281	2336	2306	2340	& 00000000010
59049 19213	2686	2611	2457	2351	2329	2314	2436	2339	2406	2372	2450	2372	2379	2294	2341	2372	2357	2381	2426	2396	2377	2336	2413	2391	2341	2426	2346	2374	2476	2309	2342	2365	2399	2367	2331	2304	2386	2324	2349	2419	2396	2377	2333	2336	2382	2258	2409	2366	2304	2382	2312	2421	2434	2437	2307	2402	2275	2339	2386	2558	2434	2359	2350	2484	2401	2356	2423	2543	2365	2362	2326	2334	2337	2421	2493	2404	2344	2335	2341	2378	2427	2352	2319	2468	2429	2318	2283	2368	2345	2354	2293	2338	2338	2571	2316	2369	2352	2329	2893	& 000000000010
177147 35086	2992	2640	2659	2600	2421	2380	2470	2464	2504	2406	2377	2326	2379	2397	2372	2387	2409	2405	2419	2431	2380	2370	2377	2432	2333	2439	2470	2463	2449	2408	2447	2454	2373	2395	2338	2442	2407	2426	2472	2419	2392	2442	2429	2432	2381	2448	2451	2427	2413	2427	2447	2423	2356	2413	2379	2404	2362	2436	2421	2496	2483	2418	2396	2467	2428	2445	2490	2423	2422	2460	2414	2432	2420	2456	2579	2422	2391	2423	2404	2397	2412	2450	2468	2450	2383	2390	2454	2414	2403	2380	2389	2372	2447	2416	3338	3175	3212	3380	3279	& 0000000000010
531441 157950	3979	3373	3047	2837	2952	2881	2932	3043	3109	3015	2998	3038	2898	3009	2862	3050	3187	2897	2746	2808	3219	3012	3050	2777	3113	3030	3047	3022	3057	3112	3093	3001	2872	2858	2987	3034	3079	3242	3072	3006	3122	3198	3088	3146	2992	3128	3046	3091	3025	2991	3176	3008	2948	2920	2961	2921	3154	2898	2867	3176	2979	3086	3082	2934	2927	2917	2880	2876	3157	3053	3087	3147	3080	2743	2872	3209	3077	2939	3166	3108	3223	3020	2848	2763	2882	2806	2799	2816	2953	2854	2640	3012	2785	3319	3029	3006	3048	3307	2951	& 00000000000010
1594323 225089	5114	3325	2939	3122	3251	3188	3313	2909	2923	3076	2966	3006	2946	3004	3162	3264	3157	3076	3201	3392	3026	3000	2971	2949	3148	3206	2974	3020	2869	2793	3067	3334	3186	3078	2859	2911	2918	3058	2875	2870	2989	3156	3097	2994	3056	2907	3152	3163	2859	2719	2943	3276	2959	2650	3000	2838	3027	2911	3011	2927	2990	3237	3085	2987	3025	2887	3076	2754	3123	3131	3247	3057	3099	3369	3097	2995	3026	3052	3256	3001	3062	3017	3215	3035	3156	3001	3144	3280	3039	3000	3251	2798	2777	3301	2923	3164	2962	3058	2898	& 000000000000010
4782969 188937	3010	2505	2442	2254	2371	2394	2413	2402	2233	2225	2208	2208	2155	2227	2203	2159	2174	2156	2261	2199	2199	2218	2190	2248	2190	2207	2229	2173	2201	2175	2164	2200	2157	2230	2186	2176	2210	2186	2236	2283	2221	2210	2194	2213	2212	2188	2188	2232	2200	2187	2236	2204	2193	2193	2216	2189	2244	2204	2158	2185	2143	2208	2249	2172	2199	2162	2204	2207	2156	2187	2169	2189	2242	2240	2172	2168	2232	2142	2187	2217	2251	2162	2218	2210	2214	2187	2230	2205	2192	2178	2176	2162	2234	2218	2158	2264	2177	2216	2121	& 0000000000000010
14348907 276553	2814	2496	2470	2455	2493	2401	2487	2420	2383	2428	2431	2278	2249	2233	2237	2244	2268	2256	2298	2261	2278	2242	2250	2273	2286	2218	2253	2213	2238	2273	2323	2480	2237	2268	2277	2240	2274	2204	2237	2260	2257	2225	2225	2296	2226	2218	2236	2282	2267	2252	2251	2250	2246	2249	2241	2321	2450	2424	2251	2265	2198	2232	2225	2261	2230	2239	2225	2219	2267	2230	2182	2179	2279	2236	2230	2229	2208	2223	2487	2436	2218	2236	2221	2228	2268	2196	2248	2224	2258	2263	2171	2225	2270	2234	2254	2268	2232	2272	2279	& 00000000000000010
43046721 496732	3858	3203	2982	2919	2823	2736	2682	2732	2659	2681	2611	2607	2727	2854	2777	2661	2598	2655	2637	2682	2606	2615	2584	2614	2610	2677	2559	2664	2609	2644	2600	2633	2620	2598	2645	2690	2598	2617	2614	2620	2600	2663	2601	2654	2612	2630	2614	2666	2634	2658	2644	2655	2597	2688	2575	2712	2602	2649	2602	2659	2644	2633	2551	2647	2694	2693	2584	2635	2645	2567	2663	2668	2606	2655	2558	2683	2607	2665	2595	3681	3405	3379	3224	3371	3705	3628	3167	2880	2685	2632	2607	2687	2623	2713	2626	2589	2752	2644	2609	& 000000000000000010
129140163 1.40263e+06	3929	2924	2853	2784	2738	2815	2704	2749	2578	2580	2518	2554	2415	2634	2586	2548	2536	2559	2617	2544	2500	2545	2510	2472	2554	2515	2505	2526	2580	2557	2587	2541	2530	2564	2529	2557	2948	3107	3034	3120	3322	3226	3395	3290	3254	3521	3690	3931	3662	2816	2547	2574	2526	2586	2600	2551	2528	2501	2534	2540	2451	2569	2610	2580	2584	2531	2518	2518	2669	2492	2495	2569	2524	2576	2556	2539	2580	2521	2618	2556	2560	2522	2501	2523	2621	2575	2553	2586	2503	2578	2517	2604	2532	2649	2631	2581	2538	2550	2597	& 0000000000000000010
387420489 3.70686e+06	4028	2991	2874	2860	2592	2624	2550	2650	2604	2679	2584	2557	2585	2695	2623	2574	2605	2536	2586	2574	2612	2578	2648	2562	2520	2584	2558	2585	2567	2533	2846	2567	2552	2505	2584	2649	2620	2544	2570	2599	2728	2540	2565	2596	2581	2541	2528	2550	2553	2589	2665	2675	2573	2566	2528	2585	2541	2609	2596	2664	2551	2679	2544	2587	2602	2589	2568	2551	2575	2601	2552	2545	2554	2572	2505	2625	2529	2599	2551	2576	2557	2686	2654	2565	2584	2542	2618	2556	2559	2578	2596	2608	2577	2637	2582	2597	2546	2588	2570	& 00000000000000000010
1162261467 4.71911e+07	11966	6187	5466	5188	5120	5094	5229	5180	4969	5107	5217	5016	5015	5051	5284	5065	5095	5142	5100	5185	5020	4955	5077	5161	5052	5076	5091	5095	5080	5140	5006	5029	5105	5034	5047	13773	5094	4997	5102	5023	5179	5316	5129	4972	4980	5096	4929	5135	5539	5455	5174	5019	4876	5172	5082	5084	5114	5146	5194	5145	5101	5105	5125	5187	5073	5034	5057	4924	4947	5019	5119	4981	5009	5074	4864	4917	5067	4955	4929	4930	5003	5108	5194	5078	4972	4998	5057	5127	5132	5031	5072	5015	5071	5114	5049	5113	5014	4927	5019	& 000000000000000000010
